274068
678559
309851
555338
2282770
504089
458125
2338449
2301436
458120
429468
211877
2282767
2282768
285233
303353
285234
285231
285229
303348
303350
285230
303328
1070839
1070840
867392
303326
151760
244077
244070
175529
241577
244084
244083
244081
244075
1209394
151758
151759
241570
244082
229552
241578
152277
151761
152276
12930
241584
241563
229553
241586
57393
241585
241587
241562
241569
244087
1548930
458107
30456
151768
13214
303320
303305
458106
176066
503983
176018
671079
458118
671080
178886
345193
671078
309841
1358780
311901
2282771
311890
311891
51910
311888
2338438
311900
2338437
1118838
311893
311892
311898
311894
311899
311896
311897
311895
211511
2338436
309862
51900
178882
178888
51906
503990
638628
2282775
190661
867384
231027
176015
51902
303304
9226
57237
176014
176013
178883
467031
467030
178892
178894
178893
345186
309866
51904
1265754
1265750
345187
69957
1265749
309844
870969
