345190
2282771
311901
2338438
51910
311891
311890
311888
311893
311900
311892
2338436
311894
311898
1118838
2338437
311899
211511
311895
311896
311897
309841
1358780
309862
867385
867386
12946
51898
136503
867388
492513
178884
1238232
211510
638628
867390
178885
867391
190661
752200
51908
867384
867387
176015
231027
2282775
9226
176014
176013
467031
178883
57237
467030
303304
178893
178894
178892
51902
51900
178882
178888
51906
503990
345186
309866
51904
345187
1265754
309844
69957
1265749
870969
1265750
176066
503983
176018
671079
458118
671080
178886
345193
671078
285233
303353
285234
285231
285229
303348
303350
285230
867392
1070839
303328
1070840
303326
1209394
151760
229553
12930
152277
151761
152276
241563
241584
244081
244083
244077
244084
241569
241587
57393
241562
241585
241586
229552
241578
244082
241570
2259667
151759
151758
175529
244070
241577
244075
244087
1548930
13214
458107
30456
151768
303320
303305
458106
458120
429468
309851
555338
2282767
2282768
211877
2301436
504089
2282770
2338449
458125
